#ifndef __mittel_h__
#define __mittel_h__

struct mittel {
   int spalten [5] [10];
   int zeilen [10] [5]; 
   int loesung [10] [10]; 
}; 

struct mittel mittel1 = {

{{0,0,0,0,0,0,0,0,0,0},
 {0,0,0,0,0,0,0,0,0,0},
 {0,0,1,0,0,0,0,1,0,0},
 {0,2,6,5,4,1,0,6,2,0},
 {2,4,1,3,3,4,9,1,4,2}},

{{0,0,0,2,2},
 {0,0,2,4,2},
 {0,1,3,2,1},
 {0,0,0,4,3},
 {0,0,0,4,3},
 {0,0,0,3,4},
 {0,0,0,2,5},
 {0,0,0,0,6},
 {0,0,0,0,4},
 {0,0,0,2,2}},

{{0,1,1,0,0,0,0,1,1,0},
 {1,1,0,1,1,1,1,0,1,1},
 {1,0,1,1,1,0,1,1,0,1},
 {0,1,1,1,1,0,1,1,1,0},
 {0,1,1,1,1,0,1,1,1,0},
 {0,1,1,1,0,1,1,1,1,0},
 {0,1,1,0,1,1,1,1,1,0},
 {0,0,1,1,1,1,1,1,0,0},
 {0,0,0,1,1,1,1,0,0,0},
 {0,0,1,1,0,0,1,1,0,0}},

}; 

struct mittel mittel2 = { 

{{0,0,0,0,0,0,0,0,0,0},
 {0,0,0,0,0,0,1,0,0,0},
 {0,0,1,0,2,0,1,1,2,0},
 {0,2,1,2,2,5,1,1,2,1},
 {1,3,5,5,2,3,1,5,2,3}},

{{0,0,0,0,3},
 {0,0,0,4,1},
 {0,1,1,2,1},
 {0,0,3,1,3},
 {0,0,0,0,1},
 {0,0,0,3,3},
 {0,0,0,5,3},
 {0,3,1,1,1},
 {0,0,0,5,3},
 {0,0,0,3,3}},

{{0,0,0,0,1,1,1,0,0,0},
 {0,0,1,1,1,1,0,1,0,0},
 {0,1,0,1,0,2,2,0,1,0},
 {1,1,1,0,0,1,0,1,1,1},
 {0,0,0,0,0,1,0,0,0,0},
 {0,0,1,1,1,0,1,1,1,0},
 {0,1,1,1,1,1,0,1,1,1},
 {0,1,1,1,0,1,0,1,0,1},
 {0,1,1,1,1,1,0,1,1,1},
 {0,0,1,1,1,0,1,1,1,0}},

};

struct mittel mittel3 = {

{{0,0,0,0,1,0,0,0,0,0},
 {0,0,0,0,1,3,0,0,0,0},
 {0,2,0,1,2,2,4,0,2,0},
 {1,2,2,2,1,1,1,2,2,1},
 {2,1,2,1,1,1,1,2,1,2}},

{{0,0,0,0,4},
 {0,0,0,1,3},
 {0,0,0,0,10},
 {0,1,1,1,1},
 {0,0,1,2,1},
 {0,0,1,2,1},
 {0,0,1,1,1},
 {0,0,1,2,1},
 {0,0,0,1,1},
 {0,0,0,0,8}},

{{0,0,0,1,1,1,1,0,0,0},
 {0,0,1,0,0,1,1,1,0,0},
 {1,1,1,1,1,1,1,1,1,1},
 {0,1,0,1,0,0,1,0,1,0},
 {1,0,0,0,1,1,0,0,0,1},
 {1,0,0,0,1,1,0,0,0,1},
 {0,1,0,0,0,0,1,0,1,0},
 {0,1,0,0,1,1,0,0,1,0},
 {0,0,1,0,0,0,0,1,0,0},
 {0,1,1,1,1,1,1,1,1,0}},

};

struct mittel mittel4 = {

{{0,0,0,0,0,0,0,0,0,0},
 {0,0,1,0,0,0,0,0,0,0},
 {6,0,2,0,0,0,0,2,1,0},
 {1,7,1,0,0,1,0,2,4,7},
 {1,2,1,5,4,3,4,1,1,1}},

{{0,0,3,1,2},
 {0,0,2,1,1},
 {0,0,2,1,1},
 {0,0,0,2,1},
 {0,0,0,3,2}, 
 {0,0,0,4,3},
 {0,0,1,2,4},
 {0,0,1,5,1},
 {0,0,1,5,1}, 
 {0,0,0,7,1}}, 

{{1,1,1,0,0,1,0,0,1,1},
 {1,1,0,0,0,0,0,1,0,1},
 {1,1,0,0,0,0,0,1,0,1},
 {1,1,0,0,0,0,0,0,0,1}, 
 {1,1,1,0,0,0,0,0,1,1},
 {1,1,1,1,0,0,0,1,1,1},
 {0,1,0,1,1,0,1,1,1,1},
 {1,0,1,1,1,1,1,0,1,0},
 {0,1,0,1,1,1,1,1,0,1},
 {1,1,1,1,1,1,1,0,1,0}},

};

struct mittel mittel5 = {

{{0,0,0,0,0,0,0,0,0,0},
 {0,0,0,0,0,0,0,0,0,0},
 {0,1,0,0,0,0,0,1,0,0},
 {0,1,1,3,1,1,2,1,2,0},
 {7,4,7,2,1,1,1,1,3,7}},

{{0,0,0,1,1},
 {0,0,0,1,1},
 {0,0,0,0,10},
 {0,0,1,2,2},
 {0,0,0,3,1},
 {0,0,1,1,1},
 {0,0,0,3,1},
 {0,0,0,4,2},
 {0,0,0,0,10},
 {0,0,0,1,1}},

{{0,0,1,0,0,0,0,1,0,0},
 {0,0,0,1,0,0,1,0,0,0},
 {1,1,1,1,1,1,1,1,1,1},
 {1,0,1,1,0,0,0,0,1,1}, 
 {1,1,1,0,0,0,0,0,0,1},
 {1,0,1,0,0,0,0,0,0,1},
 {1,1,1,0,0,0,0,0,0,1},
 {1,1,1,1,0,0,0,0,1,1},
 {1,1,1,1,1,1,1,1,1,1}, 
 {0,1,0,0,0,0,0,0,1,0}},

}; 

struct mittel mittel6 = { 

{{0,0,0,0,0,0,0,0,0,0},
 {0,0,0,0,0,0,0,0,0,0},
 {0,0,0,0,1,1,0,0,0,0},
 {0,0,0,0,2,2,1,0,0,0},
 {0,2,3,1,2,2,2,6,4,0}},

{{0,0,0,0,6},
 {0,0,0,2,2},
 {0,0,0,2,2},
 {0,0,0,0,2},
 {0,0,0,0,3},
 {0,0,0,0,4}, 
 {0,0,0,0,2},
 {0,0,0,0,0},
 {0,0,0,0,2}, 
 {0,0,0,0,2}},

{{0,0,1,1,1,1,1,1,0,0},
 {0,1,1,0,0,0,0,1,1,0},
 {0,1,1,0,0,0,0,1,1,0},
 {0,0,0,0,0,0,0,1,1,0},
 {0,0,0,0,0,0,1,1,1,0},
 {0,0,0,0,1,1,1,1,0,0},
 {0,0,0,0,1,1,0,0,0,0}, 
 {0,0,0,0,0,0,0,0,0,0},
 {0,0,0,0,1,1,0,0,0,0}, 
 {0,0,0,0,1,1,0,0,0,0}},

};

struct mittel mittel7 = {

{{0,0,0,0,0,0,0,0,0,0},
 {0,0,0,0,0,0,0,0,0,0},
 {1,0,0,0,0,0,0,0,0,0}, 
 {1,0,0,0,0,0,2,4,1,0}, 
 {6,10,4,4,4,4,4,2,2,2}},

{{0,0,0,2,2},
 {0,0,1,2,1},
 {0,0,0,2,4},
 {0,0,0,1,2},
 {0,0,0,0,2},
 {0,0,0,0,3},
 {0,0,0,0,7},
 {0,0,0,0,8}, 
 {0,0,0,0,8},
 {0,0,0,2,4}},

{{1,1,0,0,0,0,0,1,1,0},
 {0,1,0,0,0,0,1,1,0,1},
 {1,1,0,0,0,0,1,1,1,1},
 {0,1,0,0,0,0,0,1,1,0},
 {1,1,0,0,0,0,0,0,0,0},
 {1,1,1,0,0,0,0,0,0,0},
 {1,1,1,1,1,1,1,0,0,0}, 
 {1,1,1,1,1,1,1,1,0,0},
 {1,1,1,1,1,1,1,1,0,0},
 {1,1,0,1,1,1,1,0,0,0}},

};

struct mittel mittel8 = {

{{0,0,0,0,0,0,0,0,0,0},
 {0,0,0,0,0,0,0,0,0,0},
 {0,0,0,0,0,0,0,0,1,0},
 {0,5,2,1,2,0,2,5,1,2},
 {1,1,7,4,7,7,7,1,1,1}},

{{0,0,1,1,1},
 {0,0,1,1,1},
 {0,0,0,0,0},
 {0,0,0,0,7},
 {0,0,0,2,6},
 {0,0,2,4,1},
 {0,0,0,0,8},
 {0,0,0,0,7},
 {0,0,1,5,1},
 {0,0,0,0,8}},

{{0,0,1,0,1,0,1,0,0,0},
 {0,0,1,0,1,0,1,0,0,0},
 {0,0,0,0,0,0,0,0,0,0},
 {0,1,1,1,1,1,1,1,0,0},
 {0,1,1,0,1,1,1,1,1,1},
 {0,1,1,0,1,1,1,1,0,1},
 {0,1,1,1,1,1,1,1,1,0},
 {0,1,1,1,1,1,1,1,0,0},
 {1,0,1,1,1,1,1,0,0,1},
 {0,1,1,1,1,1,1,1,1,0}},

}; 

struct mittel mittel9 = {

{{0,0,0,0,0,0,0,0,0,0},
 {0,0,0,0,0,0,1,0,0,0},
 {0,0,0,0,1,5,2,3,0,0},
 {0,4,1,6,2,1,1,1,1,0},
 {1,2,2,1,1,1,1,2,5,2}},

{{0,0,0,0,6},
 {0,1,1,1,1},
 {0,0,2,1,2},
 {0,1,1,2,1},
 {0,0,1,1,4},
 {0,0,1,2,1},
 {0,0,0,0,8},
 {0,0,0,1,1},
 {0,0,0,1,4},
 {0,0,0,0,2}},

{{0,0,0,0,1,1,1,1,1,1},
 {0,0,0,1,0,1,0,1,0,1},
 {0,0,1,1,0,1,0,1,1,0},
 {0,1,0,1,9,1,1,0,1,0},
 {0,1,0,1,0,1,1,1,1,0},
 {0,1,0,1,1,0,0,0,1,0},
 {0,1,1,1,1,1,1,1,1,0},
 {0,0,1,0,0,0,0,1,0,0},
 {0,1,0,1,1,1,1,0,0,0},
 {1,1,0,0,0,0,0,0,0,0}},

};

struct mittel mittel10 = {

{{0,0,0,0,0,0,0,0,0,0},
 {0,0,0,0,0,0,0,0,0,0},
 {0,0,0,0,0,0,1,1,1,0},
 {0,0,0,0,1,1,1,1,1,0},
 {2,4,4,8,1,1,2,4,4,8}},

{{0,0,0,0,4},
 {0,0,0,3,1},
 {0,0,0,1,3},
 {0,0,0,4,1},
 {0,0,0,1,1},
 {0,0,0,1,3},
 {0,0,0,3,4},
 {0,0,0,4,4},
 {0,0,0,4,2},
 {0,0,0,0,2}},
 
{{0,0,0,0,0,0,1,1,1,1},
 {0,0,0,1,1,1,0,0,0,1},
 {0,0,0,1,0,0,0,1,1,1},
 {0,0,0,1,1,1,1,0,0,1},
 {0,0,0,1,0,0,0,0,0,1},
 {0,0,0,1,0,0,0,1,1,1},
 {0,1,1,1,0,0,1,1,1,1},
 {1,1,1,1,0,0,1,1,1,1},
 {1,1,1,1,0,0,0,1,1,0},
 {0,1,1,0,0,0,0,0,0,0}},

};

#endif
